##FastQC	0.10.0
>>Basic Statistics	pass
#Measure	Value	
Filename	ts065_TS11-PEO4-Pt-A4.slx12173.slx12173_S4_L004_R2_001.fq.gz	
File type	Conventional base calls	
Encoding	Sanger / Illumina 1.9	
Total Sequences	11189287	
Filtered Sequences	0	
Sequence length	35-75	
%GC	48	
md5sum	eadc2f43c0a9e01699264e8eb7e59288
>>END_MODULE
>>Per base sequence quality	pass
#Base	Mean	Median	Lower Quartile	Upper Quartile	10th Percentile	90th Percentile
1	30.955260866934594	32.0	32.0	32.0	32.0	32.0
2	30.89191599071505	32.0	32.0	32.0	32.0	32.0
3	30.82611027851909	32.0	32.0	32.0	32.0	32.0
4	30.86973477398515	32.0	32.0	32.0	32.0	32.0
5	30.98995324724444	32.0	32.0	32.0	32.0	32.0
6	34.677670436016165	36.0	36.0	36.0	32.0	36.0
7	34.38708355590486	36.0	36.0	36.0	32.0	36.0
8	34.252112668126216	36.0	36.0	36.0	32.0	36.0
9	34.28823436202861	36.0	36.0	36.0	32.0	36.0
10	34.24347395861774	36.0	36.0	36.0	32.0	36.0
11	34.28559817975891	36.0	36.0	36.0	32.0	36.0
12	34.24449654388166	36.0	36.0	36.0	32.0	36.0
13	34.244396894994296	36.0	36.0	36.0	32.0	36.0
14	34.26612482100066	36.0	36.0	36.0	32.0	36.0
15	34.23965333984194	36.0	36.0	36.0	32.0	36.0
16	34.27433329755506	36.0	36.0	36.0	32.0	36.0
17	34.240741344823846	36.0	36.0	36.0	32.0	36.0
18	34.31178367307944	36.0	36.0	36.0	32.0	36.0
19	34.18765208185294	36.0	36.0	36.0	32.0	36.0
20	34.058951834911376	36.0	36.0	36.0	32.0	36.0
21	34.06246331870833	36.0	36.0	36.0	32.0	36.0
22	34.11068569427167	36.0	36.0	36.0	32.0	36.0
23	34.260344023707674	36.0	36.0	36.0	32.0	36.0
24	34.026021944025565	36.0	36.0	36.0	32.0	36.0
25	33.94484295558779	36.0	36.0	36.0	32.0	36.0
26	33.91803803048398	36.0	36.0	36.0	32.0	36.0
27	33.897531451289076	36.0	36.0	36.0	32.0	36.0
28	33.885037983206615	36.0	36.0	36.0	32.0	36.0
29	33.869876695449854	36.0	36.0	36.0	32.0	36.0
30	33.84761736829165	36.0	36.0	36.0	32.0	36.0
31	33.82870195393147	36.0	36.0	36.0	32.0	36.0
32	33.77602933949232	36.0	36.0	36.0	32.0	36.0
33	33.72157904252523	36.0	36.0	36.0	32.0	36.0
34	33.71199013842437	36.0	36.0	36.0	27.0	36.0
35	33.676274547252206	36.0	36.0	36.0	27.0	36.0
36	33.696509076479906	36.0	36.0	36.0	27.0	36.0
37	33.68662804283077	36.0	36.0	36.0	27.0	36.0
38	33.662160566933196	36.0	36.0	36.0	27.0	36.0
39	33.651135420115246	36.0	36.0	36.0	27.0	36.0
40	33.63332780796938	36.0	36.0	36.0	27.0	36.0
41	33.69846060428892	36.0	36.0	36.0	27.0	36.0
42	33.64260613855542	36.0	36.0	36.0	27.0	36.0
43	33.68487670267605	36.0	36.0	36.0	27.0	36.0
44	33.82383176001472	36.0	36.0	36.0	32.0	36.0
45	33.6281474030811	36.0	36.0	36.0	27.0	36.0
46	33.630767145577614	36.0	36.0	36.0	27.0	36.0
47	33.74295872149149	36.0	36.0	36.0	32.0	36.0
48	33.67283378294802	36.0	36.0	36.0	27.0	36.0
49	33.46815514732005	36.0	36.0	36.0	21.0	36.0
50	33.54721066990714	36.0	36.0	36.0	27.0	36.0
51	33.61330245077757	36.0	36.0	36.0	27.0	36.0
52	33.376026537529675	36.0	36.0	36.0	21.0	36.0
53	33.318733024267395	36.0	36.0	36.0	21.0	36.0
54	33.29901355709756	36.0	36.0	36.0	21.0	36.0
55	33.238162816880624	36.0	36.0	36.0	14.0	36.0
56	33.198177111856445	36.0	36.0	36.0	14.0	36.0
57	33.17182991168938	36.0	36.0	36.0	14.0	36.0
58	33.15141750488259	36.0	36.0	36.0	14.0	36.0
59	33.125929929286904	36.0	36.0	36.0	14.0	36.0
60	33.137773104125316	36.0	36.0	36.0	14.0	36.0
61	33.16483479668845	36.0	36.0	36.0	14.0	36.0
62	33.21124327264489	36.0	36.0	36.0	21.0	36.0
63	33.272714527285494	36.0	36.0	36.0	21.0	36.0
64	33.29726327754842	36.0	36.0	36.0	21.0	36.0
65	33.28785398494711	36.0	36.0	36.0	21.0	36.0
66	33.23387633158941	36.0	36.0	36.0	21.0	36.0
67	33.167566021968405	36.0	36.0	36.0	21.0	36.0
68	32.962170321285136	36.0	36.0	36.0	14.0	36.0
69	32.83293500410547	36.0	36.0	36.0	14.0	36.0
70	32.76087190945729	36.0	36.0	36.0	14.0	36.0
71	32.7203549578874	36.0	36.0	36.0	14.0	36.0
72	32.72408628663308	36.0	36.0	36.0	14.0	36.0
73	32.81022334818728	36.0	36.0	36.0	14.0	36.0
74	32.89170928571144	36.0	36.0	36.0	14.0	36.0
75	32.61917627462433	36.0	32.0	36.0	14.0	36.0
>>END_MODULE
>>Per sequence quality scores	pass
#Quality	Count
2	20253.0
3	515.0
4	372.0
5	219.0
6	185.0
7	196.0
8	225.0
9	179.0
10	254.0
11	273.0
12	285.0
13	362.0
14	4339.0
15	15655.0
16	49419.0
17	90342.0
18	101195.0
19	76486.0
20	48161.0
21	38681.0
22	44600.0
23	56988.0
24	73712.0
25	93263.0
26	115640.0
27	142738.0
28	173518.0
29	212672.0
30	264618.0
31	339876.0
32	475455.0
33	772943.0
34	1848494.0
35	6127174.0
>>END_MODULE
>>Per base sequence content	fail
#Base	G	A	T	C
1	19.453376321032163	27.429675024250923	29.13426416001861	23.982684494698308
2	24.747074407245808	28.562754584833367	25.01011666543959	21.680054342481235
3	25.501524248264403	26.951646761285886	25.832425829470473	21.714403160979245
4	25.293633608048953	25.04209925205938	26.49386862060329	23.170398519288373
5	25.341517588081903	25.52747588721318	27.659481294108566	21.47152523059635
6	25.853974287859977	25.953727533131527	25.485239224204708	22.707058954803784
7	26.36467798913749	25.705755825168897	26.398637878853826	21.530928306839783
8	25.13526366271806	26.65800642487845	26.1708834969107	22.035846415492788
9	25.175290120239367	25.83835300902915	26.79717823475783	22.189178635973654
10	24.9359720626207	26.488413892063008	26.022805830180634	22.552808215135663
11	25.3555322792861	26.08865416793088	26.18667182024288	22.36914173254014
12	25.247146102927015	26.134616233646618	25.93575486409304	22.682482799333332
13	25.267578158059926	26.100997841355433	26.285489722503613	22.34593427808103
14	25.387296665780024	25.965073488253793	26.28120149779728	22.366428348168906
15	25.290205147504118	26.06628572697762	26.24036313997429	22.403145985543972
16	25.410929049154042	25.90351103368062	26.313734807816363	22.371825109348972
17	25.49972500828647	25.81091657545802	26.41311305217875	22.27624536407676
18	25.462764363679685	25.77374172943258	26.35287067571314	22.410623231174593
19	25.382050832153976	25.769657000426605	26.400005159006213	22.44828700841321
20	24.90147056729073	25.675804105778944	26.853597969101006	22.569127357829323
21	25.415762109009844	25.721920314845182	26.366600154283887	22.495717421861087
22	25.58706997689609	25.560870492860214	26.18879822921942	22.663261301024278
23	25.68804364727624	25.543575619952264	26.093770489218954	22.674610243552547
24	25.6963284139468	25.63253829758134	25.92971497139342	22.741418317078438
25	25.20950266092563	26.052556057860354	26.0915455868475	22.646395694366518
26	23.876629023070336	27.4539695530201	25.95568173990113	22.713719684008424
27	25.037420114437918	26.257436771875337	25.976671704983133	22.72847140870361
28	24.100811159795928	27.34082819724203	25.700100639172955	22.858260003789084
29	25.26254583735541	26.189110757096596	25.732313785855617	22.81602961969238
30	25.296740211227863	25.65537968163536	26.26557559144697	22.782304515689805
31	25.824691515085814	25.4204201648299	25.927542217615247	22.827346102469043
32	25.0830448837963	25.50329370529055	26.579326736335396	22.83433467457776
33	24.19097945983915	25.74341441256197	27.238239614453686	22.827366513145193
34	25.151465789581678	25.704527155604275	26.395107935895233	22.74889911891881
35	25.28378168804804	25.890994180884007	25.918409455366902	22.906814675701046
36	24.189960467388172	25.645815359110962	27.23377714523847	22.9304470282624
37	25.4591086911665	26.00205516696014	25.701816938543086	22.837019203330268
38	24.99534522816446	25.791871218277883	26.296190434376676	22.916593119180977
39	25.717241122878633	25.87423232493828	25.467660771059574	22.940865781123517
40	26.175689248592036	25.519807762459003	25.44871420938261	22.855788779566346
41	26.240881324495597	25.57697589036309	25.342147175635443	22.839995609505866
42	26.216089185324982	25.535612432214215	25.2759799394851	22.972318442975705
43	26.27566931081328	25.40100401102584	25.370231306074608	22.95309537208627
44	26.26780665074345	25.35055944077876	25.3532028561431	23.028431052334696
45	26.098663806092958	25.370721158313703	25.420884547767365	23.10973048782597
46	26.32914768498802	25.399619004191383	25.2719631823546	22.999270128465994
47	26.45344542973394	25.42997058473418	25.112342005888788	23.004241979643087
48	26.417855258952912	25.438121357129017	25.135812019567616	23.00821136435046
49	26.20873312489596	25.34141039354827	25.16693470580848	23.282921775747287
50	26.245035771308505	25.416824010468453	25.18212815824079	23.15601205998225
51	26.347378117772823	25.540152816705913	25.098364225010915	23.014104840510345
52	26.414872810361235	25.470408339408507	25.09162052851937	23.02309832171089
53	26.187254480092705	25.445248718965196	25.23892438517903	23.12857241576307
54	26.249416457930113	25.485191477094677	25.20608626311491	23.059305801860308
55	25.64043818442788	26.20631540526807	25.1239948846872	23.029251525616857
56	25.60066355050621	26.053887121646174	25.297594100482325	23.04785522736529
57	24.600120590760238	25.703162929772695	26.709867148431982	22.986849331035085
58	23.982839816080435	26.0818461595285	26.883502220910565	23.0518118034805
59	23.87992836361276	27.232226906893853	25.82207380455703	23.065770924936356
60	23.719503508935976	27.91565859260115	25.10183987281928	23.262998025643594
61	23.723631196050363	28.12533169434492	24.95747140615453	23.193565703450194
62	23.721433826753195	28.11056875113531	24.941026496698647	23.22697092541284
63	23.73656051366611	28.12796282896536	24.94558750875343	23.189889148615098
64	23.763032017814893	28.197612176044363	24.891597856560562	23.147757949580182
65	23.866944571626256	28.209926924410244	24.88067177820975	23.042456725753752
66	23.790841795806422	28.21780904112358	24.91867533543874	23.072673827631256
67	23.796678555530008	28.16571028455432	24.878280542499486	23.159330617416185
68	23.71637834803911	28.16848984347939	24.84861769755397	23.266514110927528
69	23.99615126518009	27.807431954293044	24.943599065727515	23.252817714799352
70	25.17098043373679	26.666623609280048	24.943969333094007	23.21842662388915
71	26.37854269171431	25.609721602500514	24.80798105577711	23.20375465000807
72	26.590293395399694	25.24247302145216	24.85533686851611	23.311896714632034
73	26.81220068056079	24.034183055498126	25.372935935123035	23.780680328818047
74	27.211630132946734	19.804425595669954	27.329565548119334	25.65437872326398
75	28.861184468189972	0.0	36.67089622065713	34.4679193111529
>>END_MODULE
>>Per base GC content	fail
#Base	%GC
1	43.43606081573047
2	46.42712874972704
3	47.21592740924364
4	48.46403212733733
5	46.813042818678255
6	48.56103324266376
7	47.89560629597728
8	47.17111007821085
9	47.36446875621302
10	47.48878027775636
11	47.72467401182624
12	47.92962890226035
13	47.61351243614096
14	47.75372501394893
15	47.69335113304809
16	47.78275415850302
17	47.77597037236323
18	47.87338759485428
19	47.83033784056718
20	47.47059792512005
21	47.911479530870935
22	48.25033127792037
23	48.36265389082878
24	48.437746731025236
25	47.85589835529215
26	46.59034870707876
27	47.765891523141526
28	46.959071163585016
29	48.07857545704779
30	48.07904472691767
31	48.65203761755486
32	47.91737955837406
33	47.01834597298434
34	47.900364908500485
35	48.19059636374909
36	47.12040749565057
37	48.29612789449677
38	47.91193834734543
39	48.658106904002146
40	49.03147802815839
41	49.080876934001466
42	49.18840762830069
43	49.22876468289955
44	49.29623770307814
45	49.20839429391893
46	49.32841781345401
47	49.45768740937703
48	49.42606662330337
49	49.49165490064325
50	49.401047831290754
51	49.36148295828317
52	49.43797113207212
53	49.31582689585577
54	49.30872225979042
55	48.669689710044736
56	48.6485187778715
57	47.58696992179532
58	47.03465161956094
59	46.945699288549115
60	46.98250153457957
61	46.91719689950056
62	46.94840475216604
63	46.926449662281215
64	46.910789967395075
65	46.90940129738001
66	46.86351562343768
67	46.956009172946196
68	46.98289245896664
69	47.24896897997944
70	48.389407057625945
71	49.582297341722374
72	49.90219011003173
73	50.59288100937883
74	52.86600885621071
75	63.329103779342866
>>END_MODULE
>>Per sequence GC content	pass
#GC Content	Count
0	22137.0
1	12353.5
2	2582.5
3	2642.0
4	2700.5
5	2794.5
6	2970.0
7	3297.5
8	3559.5
9	3683.5
10	4009.0
11	4629.5
12	5087.0
13	5826.5
14	7414.0
15	9033.0
16	10267.0
17	12828.0
18	17499.0
19	22424.0
20	26240.5
21	32411.0
22	42541.0
23	52740.5
24	60394.0
25	71179.0
26	88321.5
27	104679.0
28	115891.5
29	131406.5
30	154355.5
31	175648.5
32	190023.0
33	208228.5
34	236709.5
35	263516.0
36	281250.5
37	302166.0
38	329741.5
39	359758.0
40	382495.5
41	403621.0
42	432936.5
43	462312.5
44	481361.0
45	496007.0
46	513852.0
47	522741.0
48	524450.0
49	520796.5
50	514685.5
51	506674.5
52	499728.5
53	493003.5
54	485203.5
55	474211.0
56	462194.5
57	440766.5
58	405398.0
59	359720.0
60	321829.5
61	282291.5
62	232919.0
63	192664.5
64	166513.5
65	147491.0
66	121708.0
67	99146.0
68	86824.5
69	77449.5
70	65309.0
71	55058.5
72	48970.0
73	45197.5
74	40794.5
75	36630.0
76	33993.0
77	31636.0
78	27315.5
79	22356.0
80	19696.0
81	17505.5
82	13466.0
83	9711.5
84	7914.0
85	6601.5
86	4224.0
87	2623.5
88	2108.0
89	1860.0
90	1557.5
91	1468.5
92	1427.0
93	1394.5
94	1362.0
95	1397.5
96	1440.0
97	1526.0
98	1961.0
99	5826.5
100	9343.0
>>END_MODULE
>>Per base N content	pass
#Base	N-Count
1	0.2581487095647828
2	0.21932586053070227
3	0.2066887729307506
4	0.19861855362187064
5	0.20381102030897946
6	0.2031675476730555
7	0.2070998804481465
8	0.2083868257199945
9	0.20758248492508952
10	0.20964695963201233
11	0.20493709742184646
12	0.2029977423941311
13	0.2098793247505404
14	0.21053173450640777
15	0.21060323146595486
16	0.20939672027359743
17	0.20998657018986105
18	0.22746757679912938
19	0.21758312214174147
20	0.22668111024411117
21	0.227458639679186
22	0.22293645698783132
23	0.22234660707156767
24	0.21938842037030598
25	0.22120265571881392
26	0.23306221388369072
27	0.22794124415612899
28	0.22916562958837325
29	0.23149821789359767
30	0.23224893596884233
31	0.24556524468449153
32	0.25699582109208563
33	0.25007849025590284
34	0.2563255370963315
35	0.24689687555605644
36	0.12226246230084135
37	0.11448077037181818
38	0.11572896314420494
39	0.1069892130994392
40	0.1143410224799373
41	0.10647695104288964
42	0.11405322442035104
43	0.11002967184805092
44	0.10186922873446282
45	0.10047662839680427
46	0.10936100087875539
47	0.12391278638325515
48	0.0996099758235863
49	0.12035828682428173
50	0.10914374804644779
51	0.10827041063335056
52	0.09355399707840753
53	0.09152523431570359
54	0.09836131341367488
55	0.09135353684428471
56	0.10279404016669508
57	0.10893291065369778
58	0.09424835170622387
59	0.09480780170130966
60	0.08705473905971207
61	0.07955227146771478
62	0.0884782854651506
63	0.08838414152356128
64	0.08172342720926053
65	0.08333247471288105
66	0.08198600754217508
67	0.07880037054274763
68	0.08545475172688317
69	0.07739548249128853
70	0.07185416830817047
71	0.07514819223508759
72	0.07893949296875304
73	0.07786156902881099
74	0.09145018845246103
75	0.11958441880039539
>>END_MODULE
>>Sequence Length Distribution	warn
#Length	Count
35	14966.0
36	392.0
37	408.0
38	432.0
39	371.0
40	347.0
41	394.0
42	445.0
43	347.0
44	428.0
45	413.0
46	391.0
47	389.0
48	412.0
49	395.0
50	424.0
51	451.0
52	470.0
53	420.0
54	484.0
55	491.0
56	429.0
57	406.0
58	489.0
59	453.0
60	511.0
61	538.0
62	555.0
63	598.0
64	723.0
65	874.0
66	595.0
67	724.0
68	848.0
69	2345.0
70	11283.0
71	47539.0
72	225248.0
73	821579.0
74	2652159.0
75	7398121.0
>>END_MODULE
>>Sequence Duplication Levels	pass
#Total Duplicate Percentage	7.990620848287758
#Duplication Level	Relative count
1	100.0
2	6.588723364133509
3	0.5700277470973304
4	0.15301311925864067
5	0.07920045257401472
6	0.04525740147086555
7	0.03232671533633254
8	0.0220899221464939
9	0.026400150858004904
10++	0.23867891489992188
>>END_MODULE
>>Overrepresented sequences	warn
#Sequence	Count	Percentage	Possible Source
NNNNNNNNNNNNNNNNNNNNNNNNNNNNNNNNNNN	14576	0.1302674602948338	No Hit
>>END_MODULE
>>Kmer Content	fail
#Sequence	Count	Obs/Exp Overall	Obs/Exp Max	Max Obs/Exp Position
GGGGG	12146945	15.0860815	39.021465	71
AAAAA	6927510	7.5673933	28.22214	63
TTTTT	4714185	5.127686	6.729955	71
CCCAG	2342805	3.764603	4.5437555	27
CCTCC	1932495	3.4098697	5.8574653	71
CCAGG	2194035	3.207889	4.759432	71
GGAGG	2190900	2.6520634	5.2605047	24
GGGAG	1985360	2.4032593	10.924158	23
GGTGG	1927535	2.331271	6.831735	31
TGGGG	1770015	2.140757	8.938135	38
TAAAA	1956410	2.1352963	10.962887	58
AAAAG	1672060	1.8739978	11.754951	66
TGGTG	1567230	1.8458834	6.0635757	33
AGGGG	1520135	1.8401088	12.28264	69
GTGGG	1506745	1.8223435	7.350214	37
GGGGA	1420550	1.719562	13.900477	22
GGGTG	1410620	1.7060844	6.37904	30
AGAGG	1415875	1.6704682	5.824929	26
GGAGA	1410085	1.663637	7.2441096	24
GGGGT	1355590	1.6395279	8.641853	53
GAGGG	1331885	1.612234	7.0672636	27
AAAGG	1375505	1.5817119	11.302623	67
TTAAA	1405415	1.5326114	7.7781987	57
TGTGG	1278600	1.505935	5.7629995	36
GAGAG	1246650	1.4708142	6.1318107	25
AAGGG	1227845	1.4486278	11.399463	68
GGGTT	1076760	1.268208	7.1473665	54
>>END_MODULE
